5.284320261775984978e-25
1.629892716821782207e-21
1.882367467961125712e-10
4.903313837578874649e-10
2.129958503978242792e-10
3.158976517927420694e-10
9.222000461198654690e-11
1.311602283022472383e-10
5.434854786842293940e-11
4.701471755469898569e-11
5.101287613205325802e-11
3.922189205529321898e-11
3.253895597149645129e-11
2.466202481203157577e-11
2.504204081003152973e-11
2.384084059178366906e-11
1.568352465264474043e-11
1.772018696640215558e-11
1.222866757423951734e-11
1.408815211656721709e-11
9.675955345905647053e-12
9.352638292429738201e-12
7.621691206080744326e-12
8.427008746785843258e-12
7.478545909479167038e-12
8.865523853207863136e-12
8.454930117251880661e-12
6.687786223956044715e-12
9.088474888018609872e-12
7.951596503237103234e-12
6.222176015519169825e-12
6.192517568643835288e-12
8.617127314851553839e-12
5.593508108728606296e-12
6.259879368053676714e-12
4.563981309853287457e-12
5.253509211188080085e-12
6.546268139524709402e-12
5.275327209198881620e-12
5.281154709274211961e-12
7.360014556321832501e-12
4.092854716413943370e-12
4.136039509782871566e-12
4.661409956577276151e-12
4.132157302731558078e-12
3.084849922293715537e-12
3.305348169402728504e-12
4.679266915575372646e-12
2.928882137845225079e-12
4.318548511919900378e-12
3.863862168649543092e-12
3.201152677319759240e-12
3.425326318652161257e-12
2.535130085512165003e-12
2.632106331386887367e-12
3.017362865161126480e-12
3.784673972899777661e-12
3.226569433155568392e-12
3.228378775216838978e-12
2.443044191992216011e-12
2.958497334341120473e-12
2.507496737760701342e-12
3.100540841842009686e-12
2.969622276804109717e-12
2.628237578787953992e-12
2.334031862079732640e-12
2.317808199386441575e-12
2.438909981080618961e-12
2.424345952477507261e-12
2.743733802826381879e-12
2.417305528019335421e-12
2.044258799555904712e-12
2.132726478051059653e-12
2.883334417181846827e-12
2.630531014516307551e-12
2.083693561744175041e-12
2.021846620111233316e-12
2.305748382189247853e-12
2.058846499721155170e-12
1.638489854754961855e-12
2.106033694279272783e-12
2.209389200322857804e-12
2.401032571438286895e-12
1.855236323273590029e-12
1.685368857919577898e-12
1.941799305243569863e-12
1.927438499893169762e-12
2.048020564298080134e-12
1.576486246493111385e-12
1.905934862439907952e-12
1.889247288366156553e-12
1.877155692079912032e-12
1.831198778422633674e-12
1.839095482329068141e-12
1.577672779733042715e-12
1.498673386920830442e-12
1.585516581291531635e-12
1.781013506572225124e-12
1.371363065105361118e-12
1.773979734955418891e-12
1.675824825205439252e-12
1.654197754657944576e-12
1.733086095272234477e-12
1.591269788215984620e-12
1.814956555746941512e-12
1.279173674840195200e-12
1.647994105666025307e-12
1.533927346601290147e-12
1.851738807777552035e-12
1.546824899479673171e-12
1.637481728483850876e-12
1.457226529812529993e-12
1.374969390958874105e-12
1.213725214497053693e-12
1.146152836420746537e-12
1.521884763754443730e-12
1.596096126916307696e-12
1.866446166451143099e-12
1.401028083545690996e-12
1.415532232881387377e-12
1.264877567027911715e-12
1.793011800444288966e-12
1.370928213260001343e-12
1.497333921505082431e-12
1.202918388201194872e-12
1.331228943367177510e-12
1.351638311131964153e-12
1.373069815026513541e-12
1.331941542599283887e-12
1.228600714177528788e-12
1.351566045418898080e-12
1.167953410266502322e-12
1.223890782925023570e-12
1.331960504000725471e-12
1.238217538595648322e-12
1.288726536632643899e-12
1.389329050192831790e-12
1.293693087809462160e-12
1.260652144402513541e-12
1.258660183974668026e-12
1.260536911372209951e-12
1.215661679623559203e-12
1.244448772917234053e-12
1.299823150981231702e-12
1.091060150668034055e-12
1.339639776079688406e-12
1.117595520131981355e-12
1.115012852370382921e-12
1.053026582785479107e-12
1.122469542890259149e-12
1.223015209468099960e-12
1.095941082559207282e-12
1.162182508589779352e-12
1.305345821678667589e-12
9.958294728105796498e-13
1.079425842993794150e-12
1.094214248723350394e-12
1.049472097064603962e-12
1.188395670206787630e-12
1.064794275107932523e-12
1.136501053438712646e-12
1.088430227266937104e-12
9.608816928868564274e-13
1.100280813892120028e-12
1.171297518313363190e-12
1.003550429168666910e-12
1.044224921680680695e-12
9.988631070566370314e-13
1.076787942688041582e-12
9.488537091783622063e-13
9.994681029455232105e-13
9.242244121998590460e-13
1.140782903395642017e-12
1.060336299053274006e-12
9.749815616795699617e-13
9.942751970055004990e-13
9.964075510801124829e-13
9.006141053275368889e-13
9.398373109652439474e-13
1.094241630119709112e-12
9.400976787837620914e-13
7.894545865067413278e-13
8.492983892158545146e-13
9.004426696894268345e-13
8.259283454543313844e-13
9.809805159703474222e-13
9.507045394887822811e-13
8.259601424445547338e-13
9.251527232104540255e-13
9.617349763224913821e-13
8.682872698023871657e-13
8.848999158378037717e-13
9.137813049556688504e-13
8.312994766642937557e-13
8.548623393763891343e-13
7.149899514570940347e-13
8.016998152057927027e-13
8.037406511872894694e-13
8.059983497865287919e-13
7.702270563830484046e-13
8.433215410878527549e-13
7.669314904788853876e-13
7.761833886736817115e-13
8.527289415110534528e-13
7.598938950541302399e-13
7.750513557406840252e-13
7.263098887067016170e-13
6.685515408231235847e-13
7.312886925554030262e-13
6.541217378563446389e-13
7.340373342507370616e-13
6.679434080556219101e-13
7.778873535594658298e-13
6.918268106757851012e-13
6.631311384461048629e-13
7.718857311795707157e-13
6.958547815383771961e-13
6.409683093380160577e-13
6.691180027540129675e-13
6.247341060501452600e-13
7.205458665520180720e-13
6.873622368358011207e-13
7.062975121082408272e-13
6.356765947030872823e-13
5.818050775212657994e-13
6.103601482160649730e-13
6.260942242869327762e-13
6.682551386672297380e-13
5.932362642339362301e-13
5.530839471960634687e-13
5.469048248231169181e-13
6.085832796612943112e-13
5.790888005447055250e-13
6.099804774630253547e-13
5.138875612654770119e-13
5.723884669121562131e-13
6.352424204902746250e-13
5.389257333429288784e-13
5.485563695789094535e-13
5.580131682112027751e-13
5.653106221559573648e-13
5.269231232493687921e-13
5.227509302730419408e-13
5.091478607580479861e-13
4.916614968206162099e-13
5.756499709776791362e-13
4.947896669583860304e-13
5.160040698227728271e-13
4.881623823619781031e-13
4.215987182856931909e-13
4.815520937023707746e-13
4.812107774178608145e-13
5.168603536774731261e-13
4.377700331634020221e-13
4.424133552086253994e-13
4.255407314737620394e-13
4.483650920818330598e-13
4.125757455930822614e-13
4.437659052233547044e-13
3.917755668641505229e-13
4.392545437335754051e-13
4.135136828580320190e-13
4.391998130622540892e-13
4.667511279656040027e-13
3.823389643705062065e-13
3.430281509696830676e-13
4.162130752123502572e-13
4.020516666581779591e-13
3.718118340306941042e-13
3.598370051132404274e-13
3.211001637468161004e-13
3.794872130680293675e-13
3.978578471399812327e-13
3.478919410871021514e-13
3.858972343170492131e-13
3.123421546979771752e-13
2.927078247767630957e-13
3.726676883939430286e-13
3.381562827789877952e-13
3.496219985691876393e-13
3.075574208372609061e-13
3.034449754015538910e-13
3.219630051489937685e-13
3.257041279240411812e-13
2.891012138517554877e-13
2.759461454732368812e-13
2.959126511690162958e-13
2.839363923406215491e-13
2.638652261844128132e-13
2.888649039949253082e-13
2.932839924961818737e-13
2.265300295710027502e-13
2.538403479997263294e-13
2.624185441079471368e-13
2.525615891444605475e-13
2.597996102522328554e-13
2.607354259280018246e-13
2.575199776308434277e-13
2.309341509685812202e-13
2.340302472957749278e-13
2.650660912878117019e-13
2.211192615257592299e-13
2.406572814011678649e-13
2.092253978098503584e-13
2.223956528055127535e-13
2.181673742617121901e-13
2.061077096233847914e-13
1.870096042450454139e-13
2.204987408314619631e-13
2.128024949581942831e-13
2.089149615517431502e-13
2.036162765376364584e-13
1.896283818586212793e-13
1.762784709796151385e-13
1.684487022257609325e-13
2.005119941115655083e-13
1.827979834564505500e-13
1.678268668924460657e-13
1.651179107470815365e-13
1.770417385931203551e-13
1.653753916214837569e-13
1.510188539807061673e-13
1.749719288745080935e-13
1.578483876305828412e-13
1.671713688312388308e-13
1.563418893573041090e-13
1.666428224562582847e-13
1.502599454590498349e-13
1.447030387867158096e-13
1.416666926133416318e-13
1.484224363988040270e-13
1.462807201803979289e-13
1.414750900424626351e-13
1.275175823894589018e-13
1.301082004295869250e-13
1.254115732801000526e-13
1.304713926847336136e-13
1.190850375840894811e-13
1.329108953038856116e-13
1.217310573800474939e-13
1.282626036895829929e-13
1.156280135118938923e-13
1.169207733385096066e-13
1.070348018956020020e-13
1.144709145058247467e-13
1.057153671953302629e-13
1.047111552622746202e-13
1.061057060634435058e-13
1.029207606852160370e-13
1.006127188749861921e-13
1.013974954546571605e-13
1.045065153987981330e-13
9.350888383169874365e-14
1.014354279954856938e-13
9.953521227150751009e-14
9.109225269233364279e-14
9.208632488031035144e-14
9.952819413772856639e-14
8.377283730825328642e-14
8.511431923824532238e-14
8.363882404241982234e-14
9.089511738848849814e-14
8.337640770298089108e-14
8.096616028771749384e-14
8.413637335773425727e-14
7.742847942263468536e-14
7.356761131587109263e-14
7.759338165924222727e-14
7.216939479588059850e-14
7.601929196239265496e-14
7.017224796254411890e-14
7.471721581212934744e-14
7.379907604357113628e-14
7.328987104301700216e-14
7.065843751687251605e-14
7.399957008702465049e-14
6.862732831034233087e-14
6.796012992598085010e-14
6.889330255006260778e-14
7.024836112974806984e-14
6.181207686300649303e-14
6.079335325480849169e-14
5.994077558399048497e-14
5.835513800995808291e-14
6.319015633223786147e-14
5.560496578477188583e-14
5.724882780901898859e-14
6.385462867483693087e-14
5.518239797281259232e-14
5.377026545961480277e-14
5.875271233205091027e-14
5.458703025157939479e-14
5.851688242101292497e-14
5.408752378773991257e-14
5.714209690524542758e-14
5.352815231262242595e-14
5.213237936847457040e-14
5.281564145444168745e-14
5.214969193721345221e-14
5.193073832735721868e-14
5.253270652359332756e-14
5.246957862843643152e-14
5.001747502946122663e-14
4.873673094860440335e-14
5.043007458745504657e-14
4.812815970811356608e-14
4.969787670162820839e-14
5.163944356878709062e-14
4.651139345490630660e-14
4.520234848595138681e-14
4.729371333451715489e-14
4.741231518541414778e-14
4.413037532566862734e-14
5.002826438881503086e-14
4.944065486330642602e-14
5.026846262164425029e-14
4.712575962135152706e-14
4.411600257260584513e-14
4.457308227493240181e-14
4.826311070941981263e-14
4.546066072729685973e-14
4.470537254746094829e-14
4.296684950639358010e-14
4.633036203261280451e-14
4.308673724313277787e-14
4.351814116023455729e-14
4.162035797631102025e-14
4.553798705185601495e-14
4.436839958087610160e-14
4.821741206222180221e-14
4.336055449262035974e-14
4.111220592492937868e-14
4.666621727135791926e-14
4.011205274532100423e-14
4.417495452375733863e-14
4.553999224011384432e-14
3.887324004593682809e-14
4.418001527891761149e-14
4.245372970989251035e-14
3.840545992468762044e-14
4.266587302920089284e-14
4.181487287432114227e-14
4.618098882977013111e-14
4.493091294065566382e-14
4.221413625412955033e-14
4.119074460914352031e-14
3.780147993098797954e-14
3.964325483724323696e-14
4.039837812399867782e-14
4.034545725880530521e-14
4.151034518317834801e-14
3.961894994677229732e-14
4.409763335970422097e-14
4.358486205639159325e-14
3.981613302778391127e-14
4.356564340386654752e-14
4.434888872722569426e-14
3.973744018514529777e-14
4.017635040844502073e-14
4.303207652069473318e-14
4.002713077550285221e-14
4.570898835767395286e-14
4.178504375773410786e-14
4.205153928435370626e-14
4.283202143036948618e-14
4.533373488777726356e-14
4.270872838445226191e-14
4.200041935571657161e-14
4.346338037201145072e-14
3.949576573295063563e-14
3.980413291412375505e-14
4.248935733214812931e-14
4.111236795879253547e-14
4.200951517534538420e-14
3.883027765920258230e-14
4.114852232236381963e-14
4.348899750953458321e-14
3.896153111987201605e-14
3.685664433181664894e-14
4.244568589534015644e-14
4.287057823539506043e-14
4.193646464655621807e-14
4.189149196561446968e-14
4.366776202343248590e-14
3.911325410458893123e-14
3.700101851301668748e-14
4.020259174519534842e-14
3.983373746615857235e-14
4.135031440283701084e-14
3.783381093509402352e-14
4.290332123112376918e-14
3.928784118848330567e-14
4.132595826112713494e-14
4.100473472085045669e-14
4.199046233748574403e-14
3.682530641010018246e-14
3.688259960149308206e-14
3.629304370113924796e-14
3.812851614732350348e-14
4.041301921049678580e-14
3.856111078046029779e-14
4.128046444035464686e-14
3.577241820821997039e-14
3.794040430876988677e-14
3.992232351222193876e-14
3.918657739127877579e-14
3.919593180537004120e-14
3.833703037036308467e-14
3.886387475408189696e-14
3.634503933565609437e-14
4.029507213458155726e-14
3.892994952292472462e-14
4.027999279616965223e-14
3.868732906153468317e-14
3.510631962723416822e-14
3.319874523419419692e-14
3.516654786974367213e-14
3.829843400348229341e-14
3.709985219909117776e-14
3.659041414216939564e-14
3.425964007794982533e-14
3.512140312284900523e-14
3.920913548894742011e-14
3.779949794956931761e-14
3.344337165123115100e-14
3.499560174099228191e-14
3.478299279225076245e-14
3.516166866269690513e-14
3.403258766448048925e-14
3.766682528101099389e-14
3.058587553269242797e-14
3.517407646587860218e-14
3.353478953050890131e-14
3.255872216673610088e-14
3.370971621782811418e-14
3.401063298179500060e-14
3.231989967296625162e-14
3.028474738293653648e-14
3.195508025213333008e-14
3.187646568562554170e-14
3.260450781766170323e-14
2.999148720313580164e-14
2.925135155702447152e-14
3.033403712919526631e-14
3.215951110913018305e-14
3.069451580076900136e-14
3.046090648136391964e-14
3.025815800177227282e-14
3.134247380683846319e-14
2.978360235054604026e-14
2.773872767894531410e-14
2.969167960335663292e-14
3.079299074851559740e-14
2.884694944050914818e-14
3.201867137217063897e-14
2.955607071201152405e-14
2.856378228862349378e-14
2.946713360396052803e-14
3.001212590939523435e-14
2.772928016177764676e-14
2.657074387262298541e-14
2.912212285417459616e-14
2.786834632139221959e-14
2.973784032401235364e-14
2.775856324481126244e-14
2.791751972400090781e-14
2.661574930082086930e-14
2.747105180131861121e-14
2.611936563460987500e-14
2.771958679280450252e-14
2.383598070154799153e-14
2.556646042968758587e-14
2.572235031209298160e-14
2.552510370278798342e-14
2.651565524750979164e-14
2.347587067346528774e-14
2.598896512533667404e-14
2.644946811009349873e-14
2.390673427289216472e-14
2.391032101498286180e-14
2.350742075855991819e-14
2.528464386543639143e-14
2.262972460580250386e-14
2.335302960001035619e-14
2.403609800638359477e-14
2.283134463856015205e-14
2.298882732776222225e-14
2.388200793986377604e-14
2.231848535100593290e-14
2.308235090208517463e-14
2.212769104754227570e-14
1.982522154273934281e-14
2.187062379646838066e-14
2.118786522073097287e-14
2.075271694026020722e-14
2.057774963378577702e-14
1.950283420820444042e-14
2.157111337644000776e-14
2.022019918171779514e-14
2.024513933149026078e-14
1.960920135989063210e-14
2.138991424089342022e-14
1.968601877285549797e-14
1.755602421637234669e-14
1.733117513394988514e-14
1.991099211244382812e-14
1.914718462814244991e-14
1.896700334916032870e-14
1.916115809440283336e-14
1.747889736349010501e-14
1.659207524703004171e-14
1.850551899741304779e-14
1.669286193346217176e-14
1.813258460789271039e-14
1.787660288369585249e-14
1.828674946458111889e-14
1.598981609628198957e-14
1.633600736999701559e-14
1.592990979143144824e-14
1.610245476048044973e-14
1.740382028127607443e-14
1.586877479073633620e-14
1.574965245094857388e-14
1.464677615818313898e-14
1.586580884315757981e-14
1.648079536969494744e-14
1.489536592907691721e-14
1.510328484558744368e-14
1.536792225212671402e-14
1.407893123544492934e-14
1.542272691461453516e-14
1.487645018658952923e-14
1.516642333629440500e-14
1.406252107296859184e-14
1.509398550443888302e-14
1.449999896874906533e-14
1.350877975557116865e-14
1.410089345254346705e-14
1.402898644886893188e-14
1.342286890337314767e-14
1.431131200568668829e-14
1.366633035515807558e-14
1.339592143056182427e-14
1.382413605952096398e-14
1.240898383172711238e-14
1.202216311751006855e-14
1.270129959442859254e-14
1.240181088154711411e-14
1.274069265197405132e-14
1.289695567643082528e-14
1.279199611747119781e-14
1.201562266069703247e-14
1.255697721744852454e-14
1.200154779734562973e-14
1.202486718072880158e-14
1.245859752630935349e-14
1.187613114569943303e-14
1.202283174512651381e-14
1.217718143444831815e-14
1.176420603917635687e-14
1.173539366549514521e-14
1.203776916789152874e-14
1.102738704219371494e-14
1.194505536341995591e-14
1.148906737826389624e-14
1.120270517393342243e-14
1.149090720555521303e-14
1.174348867311915808e-14
1.151094900972176008e-14
1.042399922694454363e-14
1.099322483765604250e-14
1.118898767309952446e-14
1.061359435890469796e-14
1.101759652813231701e-14
1.082724217388131793e-14
1.039215674492005627e-14
1.082503134540903430e-14
1.097956403969886866e-14
1.053031693431032184e-14
1.022423023831122870e-14
9.613783465486779996e-15
9.688728579474838946e-15
1.085716105321440516e-14
9.856505926898006084e-15
9.973559366277274286e-15
1.059331814939984830e-14
9.572493596185841363e-15
1.017244446186260874e-14
1.017775206217397108e-14
9.791156233161139413e-15
1.005046578109508741e-14
9.027356512265775622e-15
9.693944724248895395e-15
9.834096964190919750e-15
1.035121099101107617e-14
9.795121045479007690e-15
1.039369191627066947e-14
9.621193127805995478e-15
9.971759857611077702e-15
9.061853409519726193e-15
9.351699174553705330e-15
9.648357776830192073e-15
9.608559006855575447e-15
9.661413271977746416e-15
9.387600816198647706e-15
9.203196652922576565e-15
9.091576072071522732e-15
9.006490747076520933e-15
9.828593846116724836e-15
8.953458136050760050e-15
8.521700632506194818e-15
9.135780060082019750e-15
9.042789796535786357e-15
9.068906238568776725e-15
9.110663691013620534e-15
8.620822925023286972e-15
9.585107870487019505e-15
9.017351784802303726e-15
8.873498703264764519e-15
9.627804782113639103e-15
8.532599112106238116e-15
8.493338690971269523e-15
8.972419614188977658e-15
9.852361125258749940e-15
8.847126426679898728e-15
8.770964981617993090e-15
9.047979976399858877e-15
8.991653196540490236e-15
8.412956300623790198e-15
8.616162503239989307e-15
8.151199788897890752e-15
8.936169098090161023e-15
8.723035479594846429e-15
8.724878222365180331e-15
8.987985346350274661e-15
8.764277831780796787e-15
8.941134135415236902e-15
8.580328072866090119e-15
8.604548221594454426e-15
8.453073241121200237e-15
8.249393573631972282e-15
8.584267052544609586e-15
9.304820881354737890e-15
8.591764916852623771e-15
8.837431779475006941e-15
9.391580412020322653e-15
8.725278298922912162e-15
8.751218739264903582e-15
9.021701730290312184e-15
8.899902980767765557e-15
8.551491639020919630e-15
8.560893853505412548e-15
7.860584482955381797e-15
8.151616369701620837e-15
8.814549877382559955e-15
8.227686593134906427e-15
8.588782449369685402e-15
8.698403801583600802e-15
8.534851055407032546e-15
8.457417056476808962e-15
8.466418586085905969e-15
8.678942977334435876e-15
8.224797726264075714e-15
8.321117504661237357e-15
8.445550141982097548e-15
7.745008532161107594e-15
8.411902005487070838e-15
7.927888515283095160e-15
7.904940861763736852e-15
8.596986595640436643e-15
7.890173992719437290e-15
8.611108556344197564e-15
7.584136837167955420e-15
8.054128497458721728e-15
8.056904120090699752e-15
7.981800748792613984e-15
8.027001960739543015e-15
8.055227579503405931e-15
7.598990140155903392e-15
7.852559997328415994e-15
7.720777965050227141e-15
7.781227412204591016e-15
7.712279039298317037e-15
7.534059178009622039e-15
7.637432924970899122e-15
8.337080702552076306e-15
7.737605645425524111e-15
7.730779576125399857e-15
7.842577113347759485e-15
7.614928958201169409e-15
7.451103822385295313e-15
7.820946511552348935e-15
7.221585969117168214e-15
7.387065658888323349e-15
7.597410219302591434e-15
7.513998777434899298e-15
7.491378250104884757e-15
7.435257577642539366e-15
7.686647693261322164e-15
7.707595734854959275e-15
7.571693298628965245e-15
7.055000233523467365e-15
7.346853549009629319e-15
7.125812021624943172e-15
6.745610971220273351e-15
7.410733357175712899e-15
7.263044156255987083e-15
7.385319735626432786e-15
6.739258836337430037e-15
7.111711149204456197e-15
6.858159083848911093e-15
6.419336433477107720e-15
7.274414353299010600e-15
7.169014407521321831e-15
6.734628715428547676e-15
6.876510664130624864e-15
6.669523024403958592e-15
6.443088296812629453e-15
6.438469567428792243e-15
6.818254057943146918e-15
6.760678209577790961e-15
6.597595944972282288e-15
6.479860956043432009e-15
6.379046752348304791e-15
6.409700873111348510e-15
6.255836185823802909e-15
6.348145186402292259e-15
6.861345009935221373e-15
6.228070885349033172e-15
6.261867363381027674e-15
6.095113782634955428e-15
6.111837321539855719e-15
5.774440382852275641e-15
5.940258718594391316e-15
6.035607468803663186e-15
5.885649448609163873e-15
5.901810946902896760e-15
6.105665044908421706e-15
5.535890441771260975e-15
5.492057668213526634e-15
5.801201648199349426e-15
6.025275433882849891e-15
5.980102992909142056e-15
5.657402434592132429e-15
5.931799974790998278e-15
5.510775778573961896e-15
5.478010201306987123e-15
5.066522934714664674e-15
5.564402628689586640e-15
5.360781739309532920e-15
5.147030110002949865e-15
5.338039018956802884e-15
5.233086169835267601e-15
5.388869401114693246e-15
5.382642246659364798e-15
5.127205537791329842e-15
5.173655600024269841e-15
4.985105990076674317e-15
4.970886450573564640e-15
4.756828133575994806e-15
4.954407564281012076e-15
4.905377017033499404e-15
4.558730244620496156e-15
4.617065348821463058e-15
4.836996582202812167e-15
4.566391371711945098e-15
4.779765053437056775e-15
4.563073176181653320e-15
4.556686411842478667e-15
4.353920629658092143e-15
4.542275820606952032e-15
4.200520550556085966e-15
4.162922294209315829e-15
4.082200943092775503e-15
4.352991351762258772e-15
4.138699024875018557e-15
4.143007060732616683e-15
4.194976224563881473e-15
3.883174082580453560e-15
3.934486323563274881e-15
3.922051097648067713e-15
3.719873515422696517e-15
3.930082273164030905e-15
3.690953745457517107e-15
4.089954233500897008e-15
3.987150313697309866e-15
3.817227653361297993e-15
3.701202384362933126e-15
3.822275802783236391e-15
3.532709059039488031e-15
3.743538900565073181e-15
3.670503389447323425e-15
3.563503867202631896e-15
3.461551427481383032e-15
3.411864850201340280e-15
3.516702072725788708e-15
3.190407177549658620e-15
3.326961255581837080e-15
3.211504185571094529e-15
3.076209479416639373e-15
3.335134792577848882e-15
3.122233280363957203e-15
3.132801610491591345e-15
3.327247627296369966e-15
2.966976152598821638e-15
2.932812225399451175e-15
3.025730698603699863e-15
3.022657843716089520e-15
2.970733402585248880e-15
2.799375256283573534e-15
2.743821000183335120e-15
2.869378637201526139e-15
2.584133302189710085e-15
2.742062570426132170e-15
2.761033781134270289e-15
2.633089559164701650e-15
2.693805574172370420e-15
2.686409527178365917e-15
2.609380262014625090e-15
2.620208661786750107e-15
2.599661804627823505e-15
2.534983194613633917e-15
2.540386481771745001e-15
2.419670742164256850e-15
2.311355589617899599e-15
2.278286762802180645e-15
2.420007184306806788e-15
2.291237436171023191e-15
2.247286779007461191e-15
2.368250440097064695e-15
2.302032321774617975e-15
2.415706389735460841e-15
2.183881521150977270e-15
2.092332511507816667e-15
2.084419529642779468e-15
1.964032021644988096e-15
2.052712291397674724e-15
2.020137528439697596e-15
2.030792357738120801e-15
2.122022859126777909e-15
2.041697947825858324e-15
1.940509657673150742e-15
1.896661993651894669e-15
1.936656683113630053e-15
1.868555869592969555e-15
1.916983964704992367e-15
1.810494815842872122e-15
1.720881224193040896e-15
1.734317147195446904e-15
1.730150779031279970e-15
1.769523027070724235e-15
1.769240560305478920e-15
1.640422985345885328e-15
1.755633494943495722e-15
1.701106808633852192e-15
1.647723902633808922e-15
1.671441898867411151e-15
1.736586478032233139e-15
1.623884606255443170e-15
1.563817342387604797e-15
1.648926249145683202e-15
1.522028840676466188e-15
1.522728382932519113e-15
1.421310815699215409e-15
1.459517846321695320e-15
1.430226618839638450e-15
1.467193808883010812e-15
1.511825304588157427e-15
1.439490791607627432e-15
1.429163270527270229e-15
1.416163619976935541e-15
1.328498491781221564e-15
1.371567241376114822e-15
1.318049603210552520e-15
1.292026371207422293e-15
1.290842592383796267e-15
1.222793325548263347e-15
1.326645401956166403e-15
1.374779396948256027e-15
1.188812645802458699e-15
1.229357738043571840e-15
1.246053592722793595e-15
1.194161008367526389e-15
1.227141967686319774e-15
1.214136378954687815e-15
1.167135474763784965e-15
1.183277541435433411e-15
1.138129241094724717e-15
1.144894128054052314e-15
1.176007166841305355e-15
1.067967559289358324e-15
1.142812040207213204e-15
1.176481660590289465e-15
1.116533579195251207e-15
1.119480957163394260e-15
1.086295058323580472e-15
1.078042367376231302e-15
1.098231702284613549e-15
1.049724974017494566e-15
1.058737387725184289e-15
1.013405843431484189e-15
1.074247688623731841e-15
1.008579982846041247e-15
1.042364985994171551e-15
9.986751785456485105e-16
9.987728978628660841e-16
9.943967404313506633e-16
9.909216298348380062e-16
1.028819023610428023e-15
9.961671808118069841e-16
1.012415839149216029e-15
1.005590316820495311e-15
9.389192175721241949e-16
9.906027936335517589e-16
1.002658347401638027e-15
1.001235680420266105e-15
9.479599856376320572e-16
9.750378838785004617e-16
9.076654572902563261e-16
9.672742164252348672e-16
9.039707278071215379e-16
9.181985567086142214e-16
9.252471176947783593e-16
8.995146881248163343e-16
9.005290307527585269e-16
