7.169387713295090199e+07
4.052622305814122315e+06
1.800817654217725620e+06
1.478180698944400996e+06
1.105291203181237914e+06
7.864461371452737367e+05
2.690578070214779000e+05
2.095468034875500889e+05
8.663042980216014257e+04
9.837439517068209534e+04
8.316081995591781742e+04
4.378291600293982629e+04
3.237123826299632856e+04
3.945320051048170717e+04
3.599237863354754518e+04
2.552807345499286384e+04
2.394074509975357432e+04
2.882206446679601504e+04
1.608741975744709271e+04
7.728545241122811603e+03
1.023758994918083408e+04
1.113254558855846699e+04
7.437955003133842183e+03
5.951413390020545194e+03
7.064461648906477421e+03
6.611515107020823962e+03
8.145879036583187371e+03
4.168310632660140072e+03
4.512290063743171231e+03
3.397611080209253942e+03
5.264438720369615112e+03
2.705546372517238069e+03
2.524439499462597723e+03
2.609875799995616489e+03
2.634845813931613066e+03
2.642732349230886484e+03
2.364810463250450539e+03
2.222182871284393059e+03
1.445702765868335973e+03
1.906177794266052615e+03
1.394463538740785225e+03
1.703052455908947877e+03
1.565619533164738868e+03
1.264369536332322468e+03
1.194805971472407691e+03
1.276731258675282788e+03
1.257397927650782549e+03
9.200948894424468563e+02
9.116128808880013139e+02
9.299725816978876765e+02
7.020828160218003404e+02
7.771095179700422477e+02
6.469576594707467621e+02
7.015522680523758936e+02
6.258254734801038239e+02
5.520740659083027140e+02
4.753592831793210962e+02
5.716276905751168442e+02
4.082832100880125950e+02
4.818686041581172503e+02
4.407282612936747341e+02
4.659365667223285072e+02
3.572997252034271014e+02
4.203767197956033215e+02
3.777466239961825067e+02
3.840424532123897734e+02
3.664246280099031310e+02
3.192106789012154877e+02
2.887757480021871288e+02
3.506746611543078984e+02
3.159770566059949601e+02
2.949689941840900360e+02
2.349590334052806497e+02
2.487640319931035151e+02
2.427676889947389611e+02
2.152545900477652765e+02
2.093210476965688542e+02
1.897999212194078211e+02
2.240191512181102667e+02
2.026505435297900419e+02
1.680963252913605572e+02
1.999605478576449400e+02
1.982813618020062734e+02
1.543301858374603626e+02
1.406710546004022433e+02
1.404362853602780206e+02
1.650759463810023817e+02
1.561842574935244272e+02
1.507735500588498496e+02
1.403689507325938450e+02
1.322844866492326048e+02
1.496216754561088749e+02
1.195416914864177329e+02
1.088644843992881732e+02
1.294528867105524341e+02
1.306495941585143044e+02
1.092476965173149495e+02
9.482055581252299703e+01
1.184962291546802788e+02
8.617170451254760621e+01
8.906337179404707172e+01
7.373115747067426184e+01
8.606876373128200441e+01
1.166287132046416133e+02
8.428143829442406343e+01
8.712282828012450864e+01
8.045767687700713111e+01
8.333638198329285274e+01
9.614479572101954830e+01
7.892665050018491968e+01
8.084854764664967774e+01
8.692473745959881626e+01
7.159350882725607335e+01
7.081347001958835108e+01
7.560554497108657301e+01
6.751016204513705077e+01
6.058508248131035145e+01
6.517028537264532417e+01
6.132424388530500181e+01
5.686692450783725405e+01
5.933580498200410602e+01
5.227893710885752654e+01
5.165751803633536099e+01
5.869305118647270092e+01
5.436964603184819111e+01
6.351455560871917783e+01
5.772268528602894122e+01
5.740246018999199151e+01
5.150256900173074825e+01
4.771703249940422609e+01
4.258623436377465055e+01
4.785633727351194722e+01
4.660838927912222118e+01
4.050478693616084769e+01
4.801368961279548131e+01
4.063261282528439722e+01
4.140813639198209728e+01
4.618729742919032333e+01
4.135453659711807006e+01
3.590338621346955250e+01
4.161797862904266054e+01
3.615483192042542271e+01
3.330898043848032586e+01
4.008806986443143217e+01
3.779645765531970625e+01
2.906189163653677454e+01
3.183278229962533246e+01
3.296168412555633864e+01
3.356889989663777385e+01
3.210414722734159909e+01
3.298013360781242653e+01
3.307117490860977682e+01
3.138263580275569709e+01
3.171284533384472937e+01
2.502968973898276062e+01
2.841345721934975188e+01
3.054212292428769615e+01
2.961502730721718635e+01
2.646133090392545739e+01
3.198343749859544971e+01
2.741352022162988078e+01
2.558606891558506646e+01
2.596339064664843121e+01
2.997693133948281741e+01
2.473538136991049896e+01
2.611641368587784129e+01
2.715137238974983092e+01
2.491997913504718909e+01
2.555066273695792134e+01
2.209910922447650350e+01
2.124391682057934716e+01
2.408798464531015071e+01
2.066455476957412074e+01
2.283603695820077206e+01
2.179597230458002954e+01
2.167589849346395781e+01
2.103462103893273039e+01
2.032640847665847161e+01
1.813459335442771803e+01
2.139701870129048444e+01
1.981427695701845337e+01
1.682469044016547599e+01
1.860185691043690426e+01
1.924607787064385178e+01
1.870936621793363130e+01
1.576221083834846226e+01
1.837196405721119774e+01
1.823673613629107493e+01
1.711277185721336025e+01
1.692411155411951995e+01
1.361948662371891494e+01
1.656242423705828770e+01
1.507330817557958724e+01
1.739786298581759283e+01
1.377698116277408857e+01
1.439717094055777125e+01
1.515261338822303649e+01
1.585828259315437805e+01
1.454779569604926692e+01
1.324821444915195023e+01
1.428962425279628334e+01
1.265271141692715950e+01
1.363892807832524845e+01
1.307492137847801139e+01
1.179625421731986989e+01
1.181801072561986565e+01
1.456175204779173171e+01
1.131327885240668962e+01
1.255680398152490085e+01
1.191269527212266510e+01
1.384254752573920122e+01
1.231167254407695388e+01
1.260341689717510327e+01
1.100063011490597376e+01
1.128886325004725322e+01
1.099915021468934029e+01
1.124368730892132717e+01
1.055075896607421271e+01
1.063017312924314517e+01
1.024673365933963609e+01
1.056638810868286171e+01
1.024597089778073844e+01
9.511300787133823320e+00
9.080499083224408352e+00
9.562717463389686756e+00
9.535242803052033977e+00
8.965024610500462288e+00
8.236018333327919549e+00
8.778536412397842881e+00
9.490955159902924265e+00
9.239458373877774022e+00
9.022228462656181946e+00
9.908497886221685036e+00
8.919372127906328274e+00
9.096257503850070592e+00
8.094605980233003706e+00
8.452166447930993698e+00
7.411497924846021768e+00
8.302227970274053348e+00
8.597033118927068784e+00
7.476653490487330522e+00
7.811375693820050259e+00
7.483086874348440887e+00
7.026488872853422940e+00
7.542791642364591098e+00
7.321905130302031495e+00
7.091261675491963956e+00
6.944948694465673533e+00
7.003142396019229388e+00
5.983803997418887022e+00
6.908032272095658399e+00
6.639871948073007069e+00
6.144222261834277887e+00
6.697555955076038181e+00
5.497181991320380767e+00
6.710768610045930949e+00
6.513048850343732710e+00
6.501958772662954189e+00
5.749745117099833713e+00
6.708118855396717706e+00
6.240211944469508332e+00
5.327363408769415720e+00
5.281109858641611865e+00
5.589353564549673692e+00
5.218058427024752532e+00
4.818183958556153001e+00
5.197801109449966539e+00
5.593292993483948372e+00
4.865626412344338014e+00
5.279444971879723170e+00
5.759754082996760616e+00
5.357569717819686161e+00
5.387702794644602555e+00
4.696619054368908586e+00
5.046207090823696007e+00
5.098968752477686550e+00
4.711179659921676866e+00
5.108341645467239900e+00
5.004594106234561579e+00
4.888730824856980739e+00
5.156136028626144174e+00
4.667176356153220240e+00
5.437019590824987425e+00
4.666771475020828674e+00
4.210314338330705120e+00
4.228002845943996668e+00
4.113438037647787482e+00
3.919905372557321854e+00
4.086866348176954489e+00
3.652661235458170896e+00
4.530953105940517034e+00
4.125482730227479244e+00
4.446073468658093830e+00
4.108926738095121323e+00
3.969420087552467002e+00
3.981572368509286086e+00
3.689992463814931956e+00
3.793882033581021940e+00
4.141827409902059109e+00
3.760222111346706253e+00
3.880740370533275474e+00
3.496381425972363122e+00
3.475639400239422638e+00
3.592789930200269488e+00
3.492515128855387729e+00
3.494249823084897955e+00
3.613028104997463963e+00
3.559775590583302396e+00
3.307150482628353316e+00
3.584108635583548974e+00
3.186215240616636191e+00
3.301536516995374981e+00
3.060030238206283393e+00
3.052448106672554839e+00
3.237810277725597707e+00
3.240279689874064228e+00
2.956725369473804488e+00
3.401767845961511050e+00
3.618159240829446510e+00
3.234577075550183256e+00
3.241556466720759033e+00
3.343923748994490630e+00
3.045762344696369528e+00
2.932003778254533177e+00
3.065164898029930640e+00
2.622723904642537462e+00
2.886768184919890956e+00
2.926221550316443487e+00
3.102405321380077741e+00
2.878699034828555270e+00
2.568835881984127045e+00
2.412712730540562678e+00
2.766202379600541938e+00
2.775373413296848391e+00
2.527344860829804141e+00
2.758741423153986627e+00
2.721146148682264787e+00
2.611828343639540417e+00
2.410455980531724940e+00
2.522956764041720756e+00
2.416627730002450125e+00
2.419402198647065294e+00
2.415622387737641041e+00
2.525477423091030627e+00
2.474375288066183121e+00
2.379088128629067711e+00
2.482982844985571536e+00
2.141009722026419926e+00
2.419179572844431192e+00
2.444363360839785226e+00
2.330907028230688294e+00
2.330540449436402817e+00
2.218161645098381207e+00
2.277782282985599149e+00
2.263346581829409399e+00
2.227371492353570570e+00
1.883232678330800880e+00
2.107696221119016222e+00
2.061188822610630300e+00
2.169867272930623425e+00
2.091689675940898940e+00
2.225919783929774187e+00
1.946708249415733283e+00
1.955267815896612804e+00
2.130790726518224432e+00
2.084127524366143902e+00
1.914416875695196918e+00
1.894356749369897397e+00
1.899662062919724503e+00
1.708789199245069224e+00
1.826948313395109880e+00
1.893494484589393734e+00
1.908262201052593143e+00
1.823673293409152185e+00
1.859850883214829054e+00
1.807387561894340466e+00
1.518378904842373256e+00
1.708945160338497748e+00
1.918348419142358985e+00
1.846546888599764902e+00
1.811764404151025021e+00
1.805746263282103303e+00
1.610863833578587867e+00
1.627309708460829007e+00
1.655883367840413012e+00
1.843559937028677709e+00
1.616124243603902277e+00
1.692429115137948692e+00
1.512809104715391539e+00
1.681715849909617866e+00
1.501143973343683768e+00
1.645427094074496388e+00
1.451463914091849716e+00
1.539788336755078646e+00
1.527461827244314563e+00
1.511130345178176571e+00
1.414631089780799877e+00
1.476916738819454400e+00
1.632802716070293814e+00
1.379886600987622058e+00
1.462645526514323002e+00
1.401847418476892093e+00
1.375056005659780256e+00
1.555804398041025216e+00
1.406193170697090267e+00
1.467959595760780500e+00
1.451081775834848653e+00
1.443601299657584214e+00
1.383737327330800015e+00
1.369335483098094386e+00
1.393334554793521418e+00
1.472600730352952469e+00
1.317725508631238274e+00
1.468874523371166863e+00
1.372617525306568664e+00
1.336042280887380196e+00
1.365906089965524206e+00
1.342474254259236055e+00
1.400427022523371035e+00
1.159724283330198613e+00
1.308881007451823342e+00
1.327804601481850089e+00
1.254794084496639650e+00
1.195331168776019970e+00
1.243197846517612559e+00
1.229129939490665624e+00
1.190304963305566233e+00
1.136254542617683549e+00
1.261647635347086682e+00
1.148415460530293863e+00
1.173464980454463014e+00
1.302045317872986274e+00
1.105882791799131848e+00
1.266171379777049522e+00
1.174122949782989478e+00
1.103802069772465311e+00
1.187585797866801851e+00
1.230905611530709987e+00
1.155207074875789885e+00
1.098639594384586360e+00
1.077777850301512963e+00
1.082263556186741082e+00
1.103883704162994528e+00
1.110766538945393123e+00
1.028332120834904551e+00
1.056587360530114816e+00
1.066016840874048910e+00
1.043879715535595221e+00
1.030746489877217620e+00
1.044805783116616649e+00
1.046770542508450808e+00
1.011567215384292950e+00
9.708212083247464985e-01
9.793110852810090750e-01
1.009079065190337188e+00
1.032428350132543304e+00
9.488463008332687076e-01
8.580925891871681310e-01
9.400000059843861555e-01
9.958114615879463116e-01
9.622400046034438326e-01
9.041133602548584447e-01
9.302205175973238260e-01
8.733448738017813850e-01
9.461282022612640397e-01
9.512166126217356243e-01
9.639649658948304944e-01
9.226660587714333728e-01
8.486299237966785647e-01
8.435605369704793910e-01
8.803844318810262193e-01
8.402684989794818593e-01
9.460579217725670897e-01
8.886987995037466392e-01
8.659995677999384744e-01
9.063493111337518338e-01
8.962611268268885212e-01
8.893823435496087670e-01
7.521209772911168212e-01
8.533846757967469276e-01
8.184887367012354531e-01
9.011885923751841165e-01
8.581673636913684788e-01
8.109138842686062221e-01
8.530295614082741285e-01
7.704012024534381275e-01
8.346639016024814950e-01
7.573171522304970038e-01
8.106993692368660298e-01
7.076288042729985683e-01
8.380846662817187376e-01
7.862138943173014871e-01
7.666811830816139262e-01
7.905782087651843648e-01
7.301800607297579404e-01
7.454086494668461516e-01
7.168951629613918852e-01
7.563933394445034875e-01
7.361069682464377317e-01
7.663259195099731969e-01
7.425657598912441815e-01
7.956233429417306491e-01
7.305733319252240010e-01
6.884876354272115861e-01
7.407219996585756583e-01
6.524209430601287663e-01
7.242776064128055857e-01
6.629104095215455628e-01
6.902165215099123063e-01
6.617702937162135424e-01
6.895599402193715033e-01
6.895532850011055759e-01
7.144499109433837258e-01
7.094778603212048562e-01
7.061975864188684282e-01
6.629169082058151696e-01
6.905691159817842761e-01
6.006704266006782644e-01
6.570793243770847170e-01
6.366506697443214957e-01
6.938304535434840492e-01
6.410907381638251135e-01
7.072609285814678293e-01
6.880899232826743761e-01
6.196869024781839208e-01
6.764528794699308234e-01
6.510520593441778692e-01
6.433375932263223351e-01
6.404706880322387219e-01
6.559355473909443957e-01
5.912783707284196000e-01
5.565023285481873749e-01
6.151641805676277830e-01
6.007415359767261931e-01
6.457536760010277321e-01
5.977287720587046715e-01
5.740646706570816660e-01
5.947140100731662660e-01
5.303887055772273929e-01
5.773760716800522275e-01
5.428640679758739429e-01
5.677732638853213443e-01
5.716545862736136518e-01
5.352840803786839130e-01
5.408253965603750935e-01
5.383510424590797205e-01
5.789841054329165626e-01
5.983847411730428556e-01
5.544901849307239949e-01
5.286476262846794283e-01
5.438834271156328670e-01
5.078360050228546418e-01
5.445141066624067383e-01
5.378966210446453067e-01
5.302418206323971095e-01
5.170384270055622400e-01
5.248160415751893515e-01
5.260106626407233810e-01
5.323015550439600396e-01
5.373475900365826119e-01
4.841841468880258570e-01
5.125213588129149400e-01
5.176125638009284602e-01
5.329968962506504981e-01
5.158399948700043147e-01
5.093393090798873368e-01
4.899680252970498584e-01
4.342823376569658889e-01
4.886923440993126144e-01
4.725066558639610115e-01
4.708789979897138878e-01
4.830928809185061068e-01
4.558740904645794401e-01
4.730742077681954760e-01
4.635276235955297919e-01
4.392097851906727746e-01
4.640410217431327200e-01
4.683418557632511026e-01
4.678997074466154649e-01
4.685945043615195038e-01
4.624062508715229836e-01
4.190825590470995121e-01
4.442903039757244987e-01
4.446484185053676264e-01
4.324325759766932675e-01
4.602945487560582416e-01
4.380172625988297819e-01
4.261698880632038833e-01
4.020710495124761863e-01
4.411901981818249219e-01
4.092305101694819203e-01
4.103096472603167122e-01
4.379147938326858336e-01
4.272853589379787542e-01
4.384206570607214748e-01
4.295420064397647564e-01
4.175283930786465314e-01
4.117171607784293474e-01
4.398684327845387432e-01
4.441608602319391252e-01
4.403752815732130399e-01
4.054052071684015601e-01
3.917779272804587931e-01
4.512988259860254980e-01
3.965314728881442208e-01
3.796628680813662893e-01
4.187168857074776152e-01
3.726002084512550772e-01
3.881889832186634637e-01
3.934941815193013781e-01
4.021860772662705918e-01
3.778844476293455323e-01
3.897939635273959813e-01
3.840438653891253273e-01
3.585160415491326913e-01
3.800904178769904940e-01
3.859443482114907065e-01
3.734318670962638587e-01
4.047623145121399535e-01
3.848017503101899828e-01
3.662277563725087060e-01
3.803585060309384036e-01
3.758720833521045912e-01
3.806035767181825680e-01
3.668084924886139131e-01
3.501374928629401584e-01
3.565489506437367062e-01
3.434418458468594948e-01
3.729314199166589017e-01
3.650547274620346561e-01
3.739995817626042829e-01
3.529241728014828050e-01
3.486729823998788169e-01
3.273103647943083061e-01
3.474304236363879861e-01
3.354095665042040597e-01
3.351915485313378684e-01
3.121648759654745420e-01
3.263523047435429314e-01
3.493800545765328724e-01
3.428038331294921970e-01
3.277185297037974454e-01
3.408265433808207456e-01
3.391949085188880053e-01
3.300578201479598683e-01
3.359900556566648433e-01
3.263048567511003806e-01
3.162896124098247830e-01
3.114794305114386153e-01
3.242715226972086029e-01
3.175476417662128625e-01
3.245861854941947677e-01
3.297543828947693823e-01
3.037145599771788329e-01
2.802053612484088352e-01
2.865201062361463769e-01
3.099803734427489799e-01
2.955517424443979135e-01
2.957521501167626465e-01
2.962180851944770654e-01
3.027510196497811834e-01
2.936396646829317336e-01
2.769158171049275197e-01
2.890289767225470707e-01
3.050052738880157377e-01
2.957261095960390662e-01
2.996484865551044541e-01
2.852982042368016891e-01
2.718777165238915883e-01
2.963603108970639943e-01
2.867657489548986471e-01
3.130594958929943106e-01
2.868582065512508827e-01
3.002733977385231845e-01
2.724876435636865990e-01
2.763028370671148926e-01
2.882074284185845992e-01
2.996549183573808395e-01
2.651405571819326346e-01
2.793854276791286617e-01
2.760287610455827711e-01
2.686546217426514227e-01
2.697316125392276165e-01
2.590017800437885986e-01
2.659793517267605156e-01
2.688026509636209371e-01
2.709072490174403991e-01
2.607966195487569361e-01
2.522682632434846695e-01
2.799977946967240339e-01
2.618463607836842844e-01
2.506851164014411992e-01
2.665495300016054725e-01
2.426628284396943891e-01
2.405545369611981066e-01
2.643460504747842110e-01
2.484637481863618269e-01
2.488150024246361114e-01
2.605019455953972995e-01
2.579406191211761068e-01
2.510939185665568285e-01
2.446159556200004082e-01
2.535000716501502049e-01
2.373804154122527155e-01
2.363976914022748732e-01
2.430212679086656558e-01
2.277187164453430279e-01
2.316852463745180946e-01
2.423686689238909453e-01
2.287896044194408507e-01
2.428681089707575291e-01
2.376614890189164553e-01
2.360702388615538994e-01
2.315821935393317932e-01
2.292040300384855789e-01
2.498137842337831704e-01
2.361925908738387037e-01
2.157112268328539029e-01
2.442914763686000190e-01
2.234322136790123370e-01
2.474879206701704470e-01
2.237164405274469081e-01
2.385370907862543466e-01
2.149055912928856671e-01
2.191002348484815121e-01
2.205838597926179367e-01
2.107216831453417039e-01
2.276192642272893696e-01
2.061381715258432112e-01
2.153027988232262824e-01
2.194998738310371678e-01
2.053821817131330774e-01
2.126183027763454969e-01
2.311783954879132741e-01
2.198053605360996421e-01
2.146447480930243623e-01
2.038193780734575411e-01
2.089239351085874219e-01
2.263032248185317397e-01
2.100441739322572998e-01
2.022667051128504700e-01
2.090574154256191197e-01
1.912308382949665098e-01
2.097391198376145904e-01
1.926270934217683972e-01
2.132206929558871644e-01
2.031621804368415607e-01
1.936852684945576109e-01
1.892609676375127115e-01
1.979955398287815971e-01
2.032510773245933822e-01
1.910237743586719883e-01
1.942242446088875418e-01
1.920408184102223581e-01
1.905596930020331259e-01
1.844120075793267977e-01
1.848575903895046668e-01
1.867932662804060728e-01
1.742067378044967474e-01
1.921612002142306375e-01
1.864041797378362120e-01
1.859273735086765800e-01
1.826458306525338138e-01
1.992927603188071883e-01
1.838329002895099651e-01
1.953723750204986453e-01
1.783511405574486897e-01
1.811657940537907685e-01
1.722197644096001290e-01
1.795930143226084075e-01
1.909526734090941369e-01
1.738404405854108714e-01
1.769822574226798950e-01
1.750457845149671343e-01
1.714675354579509314e-01
1.808499261505159550e-01
1.825811610864332968e-01
1.826391642936321669e-01
1.679180086782895154e-01
1.670810409600109181e-01
1.652259635429030038e-01
1.672250107560149524e-01
1.785466881215772572e-01
1.670573747059054814e-01
1.603600088456274830e-01
1.776594372579641257e-01
1.571100774941887324e-01
1.716108294935992928e-01
1.718963879773245662e-01
1.736509197127942827e-01
1.653007859463453411e-01
1.619542374052870271e-01
1.548597348295004117e-01
1.597754330958291724e-01
1.593181135636935197e-01
1.553395204516780093e-01
1.558262515479103827e-01
1.599079100291838362e-01
1.615514683905296678e-01
1.673466847439309402e-01
1.531409702416936525e-01
1.610623819004689261e-01
1.647228748085651784e-01
1.500222822424328306e-01
1.510867207062720763e-01
1.491949189327219372e-01
1.538065503040715876e-01
1.496930214275691284e-01
1.496346817743008373e-01
1.454233128529509034e-01
1.550485872321103742e-01
1.480711782323525516e-01
1.641018343110563771e-01
1.453590607134321311e-01
1.489029512028008928e-01
1.530343322610391021e-01
1.430285572562174645e-01
1.520651116773933942e-01
1.464998518028741981e-01
1.543292439243081904e-01
1.516277525852339769e-01
1.395388221035196996e-01
1.512034563747450544e-01
1.459999205583957793e-01
1.488401466150630348e-01
1.476302881872127437e-01
1.454117291630264153e-01
1.428344670578443332e-01
1.426013506457459445e-01
1.418691952093500686e-01
1.416828471115365584e-01
1.402291316323928949e-01
1.433893673158503634e-01
1.330365394384464550e-01
1.379082429100259577e-01
1.221568403638894351e-01
1.292839135049166643e-01
1.313008704834626728e-01
1.367781333183537007e-01
1.370839117568042609e-01
1.319098091672808171e-01
1.286900325234442699e-01
1.275524810054341485e-01
1.304663633951235191e-01
1.322812746703870002e-01
1.284686875245752147e-01
1.314225019246520187e-01
1.344749644006510980e-01
1.340535480671914137e-01
1.261482674521173519e-01
1.333509597274108172e-01
1.358973643151050181e-01
1.233426564127196312e-01
1.308493530452792819e-01
1.237315239684217694e-01
1.212789514746638458e-01
1.228455185666610244e-01
1.309933033094111965e-01
1.209606285045902452e-01
1.330318815644649100e-01
1.176209902134269791e-01
1.239988018819075249e-01
1.280425072627822403e-01
1.260802374188567110e-01
1.226521072565720655e-01
1.263442272521234921e-01
1.181371662250916971e-01
1.200517962267908939e-01
1.086986925059787445e-01
1.165441163674516140e-01
1.195166370342704287e-01
1.146574307656938879e-01
1.173758402095100156e-01
1.183396586559949948e-01
1.106098742913058514e-01
1.165492058475914861e-01
1.072215372422189311e-01
1.124712859473790544e-01
1.099893309256522178e-01
1.115010840615116572e-01
1.153434445940890868e-01
1.128483994706466209e-01
1.120748170885786099e-01
1.103181672163014854e-01
1.116821672539068527e-01
1.068443638455087580e-01
1.148835931063437177e-01
1.117529712860716590e-01
1.069131483792000181e-01
1.139293817982096474e-01
1.079215373195751282e-01
1.081730944848400960e-01
1.137145477789327230e-01
1.046829390750880356e-01
1.086512776412786180e-01
9.962470076398245722e-02
1.048551159294196511e-01
1.025264436786912786e-01
1.022070373610189931e-01
1.082905918752074953e-01
1.017348353123970206e-01
1.096725840006633618e-01
1.077774268416906989e-01
9.788013080358691498e-02
1.003750027098785080e-01
9.320437684474902618e-02
9.719249752706164702e-02
9.785811566806713879e-02
9.653146933906071869e-02
9.611358818043576335e-02
1.014063586480277168e-01
1.047336306347729923e-01
1.013243322972999516e-01
1.023809853523789670e-01
1.048861199531448685e-01
1.052585795264258245e-01
9.409285710041921658e-02
1.012306166905300037e-01
9.633532448043694019e-02
1.045962143583989840e-01
9.839129062120059721e-02
9.973942066954061270e-02
9.758011890218569462e-02
8.908963121345934988e-02
9.786955451812338891e-02
9.568639852675381308e-02
9.039481288301789985e-02
8.880258935576905432e-02
9.413810155605133179e-02
8.886289469115225825e-02
9.787213609231917855e-02
9.715908117782816322e-02
9.659445600526128661e-02
9.697534634206975146e-02
9.331361457311211638e-02
9.580923584785502878e-02
9.092313602653262494e-02
9.359313061464384631e-02
9.335131938294001508e-02
8.935081903410829751e-02
8.885987406839240821e-02
9.345444509352385243e-02
9.551611697130817091e-02
9.292160555077276507e-02
8.658976058792051955e-02
9.801608431849807845e-02
9.609620109009373023e-02
8.675376676292115286e-02
9.360299323419825346e-02
8.666735075446878322e-02
9.061685187576787315e-02
8.895144846227111268e-02
9.001543863112416999e-02
9.119197835038266031e-02
8.360620943948336714e-02
9.061238827004573781e-02
8.393999153148037906e-02
8.813051379275475827e-02
8.876570101984747330e-02
8.260541130804721632e-02
8.704634933026582366e-02
8.307952360303019756e-02
8.199326739429502187e-02
8.410243373667186662e-02
8.632576919356686751e-02
8.252125542373943412e-02
8.436104364450275339e-02
8.430496574099831386e-02
7.997506181842563289e-02
8.266060557382659546e-02
7.901152488425772225e-02
7.886270956990890091e-02
7.949309726143435895e-02
7.913500007743554110e-02
8.256645071772596156e-02
8.488502622473290127e-02
8.324153606671945427e-02
8.176705250296299743e-02
8.267540156964513220e-02
7.985602249094143901e-02
8.185742025530012844e-02
7.781817348532323042e-02
7.819168676120091810e-02
8.448649973612502861e-02
8.292720869735310807e-02
7.896986341681087873e-02
8.067912870131065117e-02
7.834908767502833660e-02
7.840920568648404587e-02
7.909266610437382106e-02
8.326544607827271460e-02
7.498416846162764271e-02
8.182042948241553815e-02
7.476436710962505727e-02
7.428485686671539023e-02
7.836765495807046511e-02
7.601291331351447966e-02
7.530269026481235806e-02
7.751981668582280660e-02
7.409542558427240078e-02
7.828876461630841777e-02
7.918753855144058940e-02
7.532820285830153784e-02
7.140551790240785845e-02
7.830064045975618225e-02
7.241507273830001534e-02
7.335507144510387822e-02
7.071768727622979034e-02
7.439395626545501627e-02
6.616577816795131406e-02
7.571213124567924280e-02
7.554583755707580672e-02
6.698881915506578466e-02
7.459254974544539396e-02
7.349285551238747549e-02
6.825844376522663404e-02
7.175905140059031517e-02
6.786697387268013359e-02
6.972488481128538695e-02
7.239220976402226115e-02
6.676252431454238190e-02
7.182044235176038294e-02
6.962640846308951192e-02
7.082425337287669154e-02
7.008153568570649194e-02
